mun} 01³ mons. .

1110101111, 1110101111, 113, 313, 327,
Dffimm

1

1110010, 200.
Eysworth, aqua 00, 332.

1100101101, 0110103, 11110Ῑο1101,Ι

Dyveleston (1)1“11101),93,160,161110,
lewis, 356.

1100113101, 1110110101, 55, 56, 110110,
mfflmmmmm
408, 415.

Doxford, 00101010, 11111010, 8, 40, 67,

Dulhobmum (1113101110 or 1111110101)

0110110101, 111100011111313, 354.

01101110, 30.

1111110111, 104,

1111111111, 33.

1111113101 (0011119101), 97, 413.

11110101, 24.

011111110οε, 161,

11
1101101111110110, 64, 163, 212, 232,

mmmm

Edlingham, 1001101111110011111011,
119, 137, 155, 158, 153, 169, 263,
320, 411.

Edwyke (Eachoeielc), 100.

Edwynstrem, 203.

1111110, Eylaund, 1111111, 337, 333,
357 ; Parva. 66, 337, 333.

1110011011οτ, 403.

11101111, 240.

111111111οη1, 1111101111, 3, 233, 286,
323, 373; capella in, 323.

1111110101, Elyngton, 91,135, 131, 133,
226111, 240, 249, 272.

11111010, 11101010, 262, 412.

111111131111, 110111111111111, 90.

11101001, 1111110001 (1011101011) 67, 114,
wawaL

Erdesdon (1011001199, 170, 130, 241,

1111001110, 266.

1111110101, 11εο1111101, 1111110101,
1111110101, 117, 234, 320, 322, 378.

1110010011, 100.

11001111000101, Eschette, Escheyvettae
fflmwwmwm

Essistrother, 100.

1111001, 54.

Estlytlemedue, 422.

111111113101, 153.

11111110, 1100101, 314, 375.

1111111000, 55.

1111011110, 111111 (Ewart), 109, 110,
131111.

F

¹ 11101101, 52.
1111001100, 1110011011, 1010011010
1 (1111011011, 6, 91, 344, 382.
Ι 1110010110013 403.
Fariley (1110101000 1), 322.
1111001111001, 1111001, 11110001,
,mmmmm
101101, 1011011037, 71, 131, 265, 233,
333, 330, 397; Campa« 00, 333;
Magna, 47, 241 ; Parva, 47,
Femon (Fenham 1), 99.
110110, 406.
1 F 01101101, Fiuroth', 61, 95, 93.
*memmmmmm
325.
Fenwik, 224, 263.
1011010101, 34.
1110100010, 403.
mmmmefflmw
1110110001, 33,
Folebyr, 114.
mmmm
1011001011 (Fornaem), 343.
1011010101, 37, 341, 353 n, 353.
1010100101, 35.
Framelington, Franeliugwn, 32, 33,
ffimwmstmssme
Qffiwmm
Fronton, 320.
1111101, 150.

G

0111110011οῐρ,0011110 00, 333.

(11100001, 116.

0010010100, 36, 359.

Gaugi, baronia de, 356.

(1000101110, 369, 371.

0111110101, 337,

6101011, 354.

01010, 209; aqua 00, 107.

(1101011111, 209.

(1101101001, (01011011), 320, 377.

(10001010, (1000101111, North, 101, 356;
&mwmem

Graystock, barony 01, 91.

(1101101110, 0100101010, 62, 423.

(1101011011, 96.

Greneyre, gurges, 355.

(1111101111, (1010111101, 0110111101,
37 ; eeclesia 00, 344, 415.

 

