INDEX 01³ PEBSONS.

Will. 19,113,11111.111.111919,

1119), Μ99999199199 1199, 209, 1191),
210,111911,,162,210.

11119911991,1ο1119,99991911(19234.

111199199, Hugo parson. eeclesiae de,

11111991991199991119111991.19,183;
1119199199Η919919, 183, 119199
19183, 1911. 19, 47, 1911. 919199·
11999. 19, 135, 1199. (19, 349, 384,
11191919, 183, 1111119, 183.

111199919991 177.

1119199199,1119999199111199199,
Adam 19, 87;11191.19,87;(1119·
min. 19, 85, 1911. (19, 90·,1191191911.
(19, 87. 1991191199199.

11199919), Will (19, 398.

111), 1191191919, 211.

1111191199, 1119991911, 11999199 (1199619-
199), 1911. 19, 9, 18 his.

1119199, 1911., 399.

119191999, 1119. 19, 19.

11999111), J oh. de, 213.

1199911911, W ill. de, 413.

1199199, Ν1911. 19, 162.

111199199.,11911. 111. 19, 323, 324, 378.
1199119191999 (2993199999), Will. le,

119199199 (11999199), 1191). fil. 1111119,
241, 81911119 filia 1191. 19, 99.

1191119199. See 1119199199.

1191199199, Adam 9991 pallio 19120,
121, 11111119, 86,

119991, Η99119.19, 119, 162, Hugo le,
269, 19991). 19, 74, 191119, 162,
Nich. le, 120, 162, 1119. 19, 97,
whom. 19. 167, 269, 111919. 19, 19
1199199, 269, 111919. fil. 11191919,
269,11111.19,121.1998991

1191999991, 1199. fil. 111919. 19, 97

1191199199119991199199, 1111199199,
Alex de, 233, 1191199911 91991911.
19, 351, 1911. 19, 24, 25, 35 619 38,
234, 105, 412, 413;1911.111.1119ιι.
19, 233, 387, 1191). 9199919118,
1191191119. 19, 142, 11111. 19, 413.

11999919 1111119133156.

1119919999, 11111. 19,·18

1199991911, 11999199, 1191. 19, 208, 288,

1199919. 1191919911 19, 356, 385, Sus·
911119 11119 1911., 91919911999. (19, 96.

Es 1119191, 1199. 19, 306.

ΜΜΜ,Μ9,Μ.

1111911, 1911 fil 419 19, 314, 379,
11111. 111. 111919 19, 315, 375.

Euro, 119199, 999919. 262, 301 199,
302, 303, 305 bis, 311, 337 hit, 350,

441

355, 357, 422, 19919119 uxor 1191).
ΜΜΜΜ9;Μ9Μ
166, 207 bie, 217

1191199999, 1191191. carpentarius 19,

119991999991,119991119911991,11191919,
304, 305, 19999119 uxor eJus 304, 305.

119991, 11991119, 1119991119, 1111119111,
91199119109, 11919111. 11191119,
177· Simon. 119, 155· Simon. 111.
1711119919, 157.

11119999, 11911. 19, 235.

11)·9, 1119, Adam, 398, 11199. 19, 224,
388, 1911. 19, 9, 1911., 19 Κ111199ι,
326,1191ι.19, 328, 383, 394, 395,
11911, 19 Η9119991999, 217.

1191919119199, 1119199 19, 82, 111991.

1199111, Sarra 19, 221, Sarra uxor
Gooillin. 19, 210.

F

Faber, Adam, 131 ,(191911999 uxor 1191,
86, 1199199. 111. 1119, 19 1111911991
312, Η99919, 19 1119199919, 347,
11999991, 13, 11911119 uxor Η99.,
347, Μ191ι., 82, 11919199, 19 Hey·
199, 80, 1119. fil. 1119, 339, 386,
1191), 131 , walt.. 19 Η91119991, 314,
375, Will., 338, Will.‚de 11991·
1991199, 316. 89919999.

1111))99, Fabiam, Η99119, 131, 1119,
ΜΜΜΜΜ9Μ

19991199, 1119, 365.

1191919911,’11199ι., 160.

19199999, 11’111.,344.

19119919, 1191199199. (1911199199), walt.
de, 7 ; Will. 19, 356, 385.

1919199, 1191999199, Hawyuia de, 125,
ΜΜΜΜΜΜΜ
Susanna uxor Rob. de, 246, 247,
303, 919991. 19191919, 125.

19191991, 1199. 19, 88.

11999, 91911992.

1119119999, 1999199119, 1911. 19, 85, 128.

1199911199, 1191). 19, 109.

1119119) (1911991999 1), Gilb. 19, 322.

1919199999, 1199999999, 1911.(19, 342,
343, 362, 1911. fil. Joh. de, 343,
’111991 19, 362, 111919, fil..10h., 342.

1119911991, 1911. 19, 311.

1999119199, 1999991999, 1911. 19, 152,
ΜΜΜΜΜΜΜΜ,
1191). fil. 1911119152, 198.

1999991999, Agnes uxor walt. 19,
ΜΜΜΝΜΜΜΜΜ

 

