INDEX 01· PERSONS·

schipewy 110, Will. de, 34.

9011001111 91113300131111411010 10,
397, 31101010, 380, 11111, 397

901111010100,Ρο11111 (10, 273.

9010011101, 90001001, Ηο01010 10, 354,
1101. 10, 248.

90101100, 1110. 10, 252.

scissor, Will., de Ηο000011, 349.

9031101, 901011010, Ηο3ο 10, 343, Will.
0, 343.

9001, 11030, 146.

90010103, Rob. 10, 162.

9001, 9101, 90011001, 10 900110, Adam,
127, 319, 960, 377; Agnes uxor
Nieh„ 354, Alex„ 114, Andreas
clericus (10, 362, (1011, 214, 221,
336, Gilb.‚ 323, Ηο0110., 120, 129,

289113, 296, 393111, 394, 1100110. ,

10140101 Novi (100111, 967, 369,
11030, 242, 290, 300, 389, 991, Joh.,
Mwwm'ffiffiffl
1101οο10011,80, 107, Μο130000101
11030, 242, 389, 1101100110, 316· ,
11101, 120, 354, Ν101. 10, Major
Novi castri, 368, Patrio, 390,
Reginam. 10, 916, 375, 1101), 950,
969, Bobium, 193; 1103, 907,
Simon, 334, 381, 11010, 130, 902,
mmmmmmw
wmmfflmfflwwmh
326, 979ς11111. 1101000011οε 10, 996.

9001011, 1101, 395.

9001110 or Scottorum, Regina, 125,
1101, 312, 358101, Alex. Rex, 1 n,
mwmmm

9001101011011, Will. 10, 217.

90010103 (smum), Will. fil. Ηο301100
10, 99.

9010000010, 9000000011, 9110100001,
Will. 10, 127, Will. 11. 110310,
mm

9010310, 1111010 0101 Gilb.‚ 123.

90113101, Will.,120, 132.

90101311030110, 1'30.

901010111189010101111,110010101111,
910100111101011001011110. (10, 14,
42, 404, 1110, 19, 31, 42, 102, 1810,

9001001011, 23301. 10164.

90010, Joh., 80.

900110100311, Will. de, 302.

9031011, 901011, 1101. 10, 369113.

901013, 9011013, Joh., 902, Joh. fil.
J oh. de, 305, 1101301ἰο 010111011.
mmmmmfflm,m;
11011. 10, 190, 191, 219, 220, 299,
902, walt. fil. 11011, 25 , Will. 10,
ί2106. 219113, 308, 11111111. 11010.
0, 211.

461

90100, 1103100111. fil. Rob. de, 329.

901101, 90101, (101110. 10, 219, 11011111,

90010010, 11060110 0101 1110. de, 45;
1110. 10, 45.

90131000, Joh., 316, 376.

90130001, 90130001, Α1010, 273, 397,
1101). 10, 398, ’11001 10, 60, 130,
Will. 10, 290, 998.

90110101, Gilb.‚ 129.

serviens, 1101, 133, walt„ 132.

9001001110, Evado, 116.

90100, 903100, (1001110 0101 Ηο3. 10,
252, 300, 304, Ηο0110. 10, 21, 53,
11030 00, 300, 904, Magister 10,
371 ; 1103. 10, 290, Will. 110399.

sexdecim 10111101 (Severe), 1001. (10,

91011000, 9010111001ᾱοιο 111. 1110.
10, 74, Joh. fil. Joh. de, 74, Joh.
fil. 111001. 10, 74, 1110. fil. Nok (10,
74, 111001110, 74, ’111001 gener.
Joh. 74, Will. 10101 (1074, Will.
fil. 1110. 1071.

9101100030, Gilb.‚ 199.

9101601100, Will. fil. 111010. 10, 326.

91013. 9009010111.

9101103, Adam de, 162.

910000101οι1, 1010000 0101 Joh. de,
308, Joh. 10, 908.

91101ορ, 1101, 107.

9101000100, Will. 10, 292.

9101001103, Mam, 80.

911110, 1101, 160.

911011001110, Will. de, 132.

Sholmor, Thom. de, 70.

9101100, 1110. 10, 301, 1101. (10,

9131111311, Eudo (10, 164.

913110310011101. de, 161.

91001101, Wydo de, 405.

911011, J oh., 213, 214.

91100130, 1103, 209.

9111103100, 9131031010, 1101301ἱο
0101 Nich. de, 220, 1110110217.
See 9131103100, 91 1311031010

1131, Simon, 294.

9113101100,11111.10,211

9113 100, 1103 010, 216.

91010103, 9101010, 910101,1111010 uxor
1111110141, Gilb de‚80‚ 103,
1101111111110,90,19011.111. 1103.
10,27;·11111.10,141,156,164,190,

” 397,11111 fil. (1111. de, 159,11111.

fil 11101 1111610 (10, 30.
9103117011, 14.
9103110, Boi). 10, 299, 906, 1101. fil.
01000, 907 ; 1111110, 310.
91003013, 91031. 10, 78.

 

