470

3030000503οο, 408.

1101301310 (8332333318), 96, 98, 165,
168, 178, 265, 408.

801033, 1101133010, Bnrony 01, 43,

Bolby. 248.

Βο1133000, 1131133000, 315, 375, 403.

Bolum, 93, 190, baronia de, 4²⁸, 53,
356, 357 ; ecclesia 03, 97.

8013133100, 323.

11011011, 100; baronia 03, 356.

8013130ιο0208.

Braburn (1100533311), 60.

1030300, 03, 100 bis, 240, 335. 30 ;
juxta Harnham. 417.

8000133100, 107.

8031000, ecclesia 03, 275.

8010100003, eeclesia de, 264.

11310085.

1130001330, 96.

Bromhal,420.

Bromleye,Bru1nley (Bromley). 91,

Bronhop (Broomhopo), 34.

0010300131, Brotherwyke, 122, 325.

Bula, 161.

Burent0n‚ 94.

3033000194.

Βιο033100, 121.

Burton, 18, 122, 231.

1100030000 (Burradon), 119.

1101031003, 100.

num 011 mens.

01110030300113001103000, 010301103-
ham, 62, 119, 284, 319, 377, 411.

0103301033, 87.

0110100, 410.

01003030, 60.

0001130100, 110113000, 87, 89.

0113100311, 358 n.

Chyreden. 413.

00030000, 337, 338.

curten. 25, 26. ’

0133000, 60.

00333031 Warnemuth, 332.

Cokermue, 297.

001031, Koket, 103115, 154, zoebis,
312; aqua de, 73, 312, 33330, 333.
See Northumberland.

Coketdale, Κο13031, 126, 352, 353.

0013100003, 352. 372.

0013101010, 0013000113, 208.

00130311, 00130311, 89, 95 bis.

00101033, 93.

00300033, 00000333, 0003100333, 3,
6, 12, 28, 60113, 65, 75133, 76, 77,
103, 130, 139, 160, 164, 174, 182,
186, 280, 330, 34000,354,386,393;

3 3010003132 ¹’‘¹⁸⁰¹¹²

001030θωῖ130, 403.
001ῒί030000, 336.
(Γοὲιὲὲηιιιιά, 110, 220, 232, 234, 235,

Ι 0031133100, 91.

110100, Biker, 8, 100, 102, 246, 262, ε cmmling10n‚10[),173,

354
1101οἰ0100, 201.

c

Cahou 10001011. 203.

0010000000, 111.

(01030011, 25, 20, 174, 250, juxta
0101100, 231.

00100000. 100, 315, 381, Media. 100.
170.

1101οι01, 11001000. 107 his. 312, 352, ·

374: mx 03, 115. 117.
furlum. Kurltou. South. 405.
00001000 10013 1100131331), 90.
0101010100, 251, 317. 313 513, :17711'52
North. 121, 1132522711.
(11:111011.(hanon. 110, 150. 310, 3ῖῇ
Fan. 2³28.
0100000. 101,
1101000100, 0110100100, 0101000000
1510131001. 20013. 53.
0103011011,1113011011, 118, 127.
chillo. 350.

1 Grau-lawe (03303). 166, 246.
.. Ι . 1003030311, 0033330311, 15, 226 51η
1130011, 1110311, 1030010303, 53 n, 350. Ι
· 00331300, 10003003, 1130313000 (Cais-
= tron)9.189.322.

Crocun1.314.

227. 250 bis, 402.

000030303ορ3, 153.
00001011. 337.

Crukum. 110.
0 0111030000. 95.

D

1101100. 19. 39. ΠΧ), 197, 272.
1131031000. 03.

Dok-nto. 105.

11003, 276.

110001. 276.

11303001. 318, 377.
113010ιο,110000003 169. 171.

113ἑο0οἑὲ4. 99. 127. 345. 383; campus
0, 2 .

11333. (urges. 355&

11330130, 160.

Derby. 211.

 

