INDEX 01⁶ meone.

Bovina, Adam, 274.

36601166, 1166016, 133.

Rome, (1611. 61. 061611. 16, 211.

Boxeworthe, Βο1006ο116, ‚J oh. de, 217,

11611011, 1110. 16, 65, 66, 67.

116616, 11666166, 281.

1106611016, 1110. 16, 63.

11661661Ιί60, 397.

Boyvill, Bodil, 7711110, 306, 317, 330,
332, 376. 616Βο111116.

1116661, 11160061,11166. 16, 274, 110616,

Β16166111, Joh. de, 369, 392.

6111101011, Alex. 16, 39, 326, 335,
1161161166. 16, 251, 1106110. (10, 52,
Joh. de, 39, 366. 61. 3611666010,
240, 36116116 16, 251, 387, 11111666
uxor Β61111’“16.16,199, 240, 417,
Thom. 16, 74 616, 1161161. Η66110.
(16367, will. 61. 3 6116610 16, 240.

Β161010, Β1611611,61611166 uxor 11616,
mfflQQm

11161060, Hugo, 314.

8161666616, 1101101. (10, 213.

11161166, 0116116116 uxor Ranulph. (10,
14, 1166616610, 14.

Β161161, Η611110, 128.

1116661166, J oh. de, 102, 1110. (10, 354.

Β1616166, Adam fil. 77111, 10, 123.

1116616166,1711110, 302, 303, 17111.
61116661. 16, 189, 220.

Β1661, 616610, 1166, 126, 133 , 17111,

Β1116160106, 1111016 uxor 17611. 16, 138,
6666

11166166, 0611. 16 messer 10, 127.

6166166166, Ι1 oh. 16, 242, 316, 389.

61661016, 1166. 10, 265.

11166, Hugo, 164.

Βι6061,Β166161, 11161616, 110, 167,
11106. 10, 106, 1101161. 10, 16 16
066666104.

Β16101611, 1111111011, 11116616, 19, 31.

Braytwayt, 1166610, 164.

810066, Rob.‚ 360, 392.

Brecheley, wald. 0101106016, 106.

Brendcheke, 11661616 uxor 1166116,
364, 1106110, 364, 393.

111616166661, 1110. 10, 214.

1110106106. 16, 1346, 11616166. 61.
1166. 16, 170, 173, 190, 207, 420,
17111. 16, 33 n, 102, 190.

6101160161, 1106. 16, 267 .

Β111066616, 1116160661, 17111. 10, 312,

Brigham, Β11666616, J oh. de, 308, 312,
whom. de, 164, 17111. 16, 131.

3113616106, 16061. (16, 36.

65

1111606, Adam 10, 120.

Bringehill, 16616. 16, 394.

6116116616, Prior 10, 13, 36, 37, 47, 66,
165, 167, 282, 333, 391, 17106, Prior
de, 265 bis, 282, 283, 77111, Prior
de, 264, 266, 283.

Β16066116, 31006101, 11166. 16, 236,
Phil. de, 328, 16661. 10, 235.

1601661611, 3161666661, 3101611011,
Adam, de, 220, Hugo de, 233, 601-
1666. 10, 127, Phil. (16, 8, 238 bit,
272, 388, 691, 1110. 16, 238, 17611.
16123.

Bromhalgh, Agnes uxor 1116611. 16,
420, 1111161116, 420.

Β10166166, 6111616166, 111061166, Β166-
1611, 11166. (10, 221, 01011166 61. 11616161
(16, 108, 0611111116, 123, 1161166
uxor 911606116616, 106, Ηο6110.
1661111. Novi 066111, 367 , Joh. 16,
6, 28, 131, 167, 396, 17611ον. 16,

Β16166161011, Andreas de, 325, Gilb.
61. Μ66111161 1613, (1111). 61616661-
166116, 13 , 17111. 61. Η661016,38.

Broung, 1166, 236.

11166666617111, 184.

Broyfeld, Phil. de, 396.

111661661606,116666 uxor 11111. 16204,
1111616204.

Β166116κ (1166061169), Rog. 61. 1166.
6, 91.

1116116166, 365, 1111016, 260, Agnes,
112 ; Β6611111 uxor 1106, 260, 1116166
6116177111, 2, (1611, 10 66611666,
74, (161611, 274, Joh.. 99 , Joh. 111.
Rau„ 99, 177, Patrio. 10, 164,
11666166. 10, 34, 66, 109, 1166.,16
11166116, 61, 1110, 260, Rob.‚ 61,
260 , 1166, 16 8611166, 273, Rob.‚ 16
3116116116, 8, 74, 16616, 16 Bond-
0661, 112, 17111, 2, 312, 77111, 16
melium, 126.

Β161111611, 17111.,263, 391.

61661611, Alam. de, 274.

Brunrobin, 323.

1116611611, Adam, 274.

11166166, 3 66. 10, 6611. Novi 0116111367.

Β161166166, 378.

Β161, Β110, Βο16611 16, 372, 0116116611
uxor 1166. 16, 244, 246, 303, 306,1)61-
116 16, 217, 416, 1166. 16, 244, 246,
303, 306, 116116, (16Η6166661, 314,

111666, 3116146661, 32, 37, 16016,
6666Μ66

Β166161600016, 11616166. 16, 22.

1166161111106, 162.

Β6066, 1116, 221.

662

 

