mmlx 01?

11999199, 11911, 123.

119191, mog, 163.

1199191, David. ssl. Patr. 191191 69, 323.

1199191, 1191191, Lucre, 1919916919
(19, 332, 330, (1991119, (19, 2231,
1911. 69, 259, 300, 387, 1911111.
Agnetis (19, 259, 1191). 69, 137, 186,
192, 243, 300, 390, Simon de, 4,
9999999991
243, 390, 395,111919. fil. Adae de,
317, 376, Walt. 19 91911( (19, 3, 4,
17111111. 1199119. 69, 332, 380.

- Prior Sancti 0999161 19, 57.

1199311991, 111919 (19, 276, (191169,

Lufwyk, 379; 1191). 69, 214.

halles, 1119, 32.

11991193, 1199119, 11911. fil. 1193. (19, 354,
31111119 uxor Rog. de, 351, 356.

11919191, Gali, 211.

1369196919, Gilb. (19, 256.

1311193199, 1131111199. 1191). 69, 178,

Lylleboy, 111119111111991, 256, 389.

1319191999, 11911. 69, 212.

1399919111, 1191). (19, 216, 11911111.
mmmm

Lyns, 1119. 69, 310.

113991, 32, 11199919 uxor ejus, 32.
Lyih, Mich. de, 313.
Lyum, Η939111.1119. (19, 109.

Μ

Μ9999191, Μ9999191, 1199991199,
Hugo le, 340111, Serio 19, 132,
111919 19, 390, 1919199 19, 72, 132.

Μ9Βιξ19911, Idonea soror 1193, 390,

119691,Μ16919,.Ιο11., 105, 151, 240,
241, 111111, 317, 376.

1196919199, 1191), 267.

Μ91199, Η99119. 69, 391.

Μ911, 14199.,351.

Mammium, 1169919991, will, 63,
176, 246, 389, 395.

- Μ911]9,117111.,132.

Μ91199, 11939 (19, 129.

Μ99919, 11999119, Μ9991119, Manen,
11911. 69, 2, 52, 66, 137, 186, 192.

119991, Η99119, 245. .

Mamm, Μ9999911,1119., 299; Γ1111991,

9911199919911, 217, 91999 uxor 1
mmm ¹

Μ919119996199, mm, 368,

Μ919, 11919, 19116919, 164, 11911169
(1919,95,111(1.6911,130.

1199999. 453

1191993119, 1111119 91911193. (19, 122,
Qmm

Mareys, Μ91919, 1191939, 6119119119
uxor 1191169272, 304, Η9199916.
(19, 18, 1911, 348, 384, 1191119119
9191 Η91999161 69, 18, 11911. (19 19,

Marmyun, Avice, 405.

11911999, 1119. 69, 122.

Mummi, 11919991, 1191199191,
Agnes uxor 111919. 19, 22, 412,
David. 19, 194, 204, 217, 219, 303,
domini 119319, 352, 1191399 19, 303,
1911, 100, 132 ; Petrus 19, 335, 349,
335, 1119. 19, 172, 204, 1193. 19,
396, 8199919396, 111991. 69, 22,
412, Walt, 132.

Μ9919, Μ9669193, Μ9619, Mallo, 119119,
1411919, 131, 1119, 13 9, Wiil, 2,
19, 9919, 111494.

1191199, Adam fil. Sim. 69, 76,
11191996. 69, 74, Ν1911. fil. Sim. (19,
03464, 11911. 6974, 811969, 64,
Sim. 111. 119199. 69, 76,

11911191, 1191111991, 11691119, 316, 418,
111999 9191 Adam 19, 418.

Μ999119911, 1191391919 9191141911, 307.

1199919111, Alam, 95 , will, 219.

Μ99611, 1699691, 11996911, 11996991,
19999119 1991911193. fil. 1193, 171,
19999119 9191 1193, 49, 1193, 40,
66, 137, 141, 159, 165, 186, 192,
mmeQQ„
9919911191, 372, 1193. fll. 1193.,170,
mmmm

1199391191.. 393.

Μ991ο1991, Gali. 111. 1196, 44.

Μ9919991, will, 356.

119919191, Adam, 293 511,1411919 uxor
mmmmm

Maundwer, mom, 396.

1199191991, Μ11191911, 1119, 52, 02,
81, 11911, 272, Bag, 65. .

Mawe, Joh. 111, 281.

Maylle. J oh, 132, 396 bis.

Mays, Ranulph, 345.

Medicus, Ivo, 132, Μ9111199, 323
1193, 329, 380.

1191699, 11911. fil. 3911111919 69, 105.

1691191, 1161111, 344.

119119911919, Will. 69, 303.

Melsamby, Simon. 69, 307.

Μ9961919, Adam 69, 350.

119911, Menyl, 11199. 69, 4, 0, Em
uxor 1419969, 4, 6.

Μ991931119η1, Joh. 69, 300.

Μ91991, Petrus 19, 398.

Merchingley, Mercholeye, 11991919
9191 1191). 69, 209, 11939 69, 182,

 

