INDEX 01⁸ 88860118.

Aula in, 90; Joh. 59, 399, Petrus
fil. Alex. 59, 261, 819. fil. Swoyn.
59, 343, 819. faber 59 Magna, 87,
Rob. filius Hug. 59 Aulo. in, 90 ;
8995117111. de, 39, Phom. 59,
fflmmwwnm

Herodrowe‚ 8999519119, 1191). 59 19,

899115, 8199115, Hewyoh (Hetoortlr),
89911959, 207, 219, 243, 390.

8915919, 891191599599),89111195991,
89991γά995919, 8115599599, Exil-
5995919591511519519919999159, 84,
Prior 59, 5,19, 20, 39, 56, 53, 77, 35,
inmmmmmmmn
Prior 59, 401 bin 819. 59, 23 ; 891).
19 clero. 59, 241, 89 ,191919919159
241, Will. 9191199919, 350.

Heylnund, 819. 59, 136.

89 run, Hayrun, Eyrun, 819, 113,

nlo, 125, 178, 218, 265, Will., 4,
9999999999
155, 161, 164, 167, 206, 227, 233,
266, 304511, 305, 331, 333, 353, 356,
mmmm

Hibernia, Hybernin, 895. 59,, 304 oo.

8151911195. 59, 22.

81595919, Hydesleg, Hidoleooyo,
Hygeloyo (89599199), 01199119. 59,
329, 895. (19, 243, 390.

811, Will. 591, 339.

8559199995, Will. 59, 115.

8159591915991. 59, 350.

8111, 895. 59, 390.

811199, Hylton, J oh. 59, 310, 891). 59,
εωμηωωωω

Hinning, (1111),, 177.

Hirring. SeoHoring.

89, 17911. 59, 104,

895919, 89959199 (Hebioni),
David. 59, 355, Jacob. do, 316,
Philipp. 59, 261 ; 15919. 59, 348.

8959, 59991199 filio 895, 195, 1195,
120, 195, 395.

89599199, 0111). 59, 72.

Hog, Phom„ 161.

89999511517111, 313, 374.

89195911, 5199. 59, 10, 233, 15919.
nm

Hokelthorp, 819. 59, 304519.

v 891995, 8959195. 59, 162, 7711159,

8111112919ῗὲ59, Allan. 59, 3, 85115. 9191
8511111119(1 {gnos uxor 891), 113, 895,
8511511919, (rotardus 59, 123.

8919), 1599). 59, 373.

891991, 5199, 398.

8911, Will., 404,

8911951919, Aion. 59, 303.

8911591, 8911919, 89115991 (8991911),
mmmmmme
302, 387, 383, 01511999 uxor Γ15919.
59, 23 ; Patrio. filius Phom. 59, 23 ;
895. 51. Patrio. 59,379;8199599.
59, 252, 1599). fil. Patrio: 59,

89501999, Ρ9191, Prior 91159 91591
91,10, 115991, Prior, 10.

Holy 191995, 89591995, 89111995,

Prior 59, 13, riom, Prior de, 11 9,

8999959119, J 95. 59, 302.

Homer, Homole. 55919, 130, 819,
125, 126, 77111, 47.

Homo Alexandri, Engo, 130.

- (1111), J oh.. 332, nod, 332.

8995999111, 819. 59, 124.

899959199, 11199 59, 73.

Hopo, 559, 340, 0119199919 uxor
5199. 59119, 346.

Hoppen, Hopn, 89999, Adam 59, 131 ,
Λὶξι. 59, 263 , 77111. 59, 233, 262,

89199, 8919, Adam, 59 1119595999,
105, 5911, 258.

8919951, Will. 59, 280.

8919919, J 95, 59 1799915999, 321.

8919, 1991991, 70.

8919191, 89199199, nlius 59, 104,
8959195. 59, 33, 8999195. 19 591·
ker 59, 95, 89919915. 59, 52, 819.
59, 305, 323, 819. filiun Bog. 59, 140,
153, Rob. de, 64, 220, Rob. fll.
wan. 99, 999, 999 199. 99199,
153, 311, 406, Rog. 9111999195.
59, 298, Simon. 5199959, 51,
’15919 59, 294, 17111. 59, 181 n, 307,
311, Will. 51. 899. 59, 298.

89191959, Joh. 59, 215.

Borion, Alan. 911195. 59, 109, J 95.
59, 311, 1599). 59, 202, 77911199.
59, 24, Will. 19 1911191 59, 329.

891911, Gilb. 59, 275.

89995199, 899199, 89199, 891199,
8995199, 899199, Abrolon 59, 77 ς
Adam 61. Phom. 59 Magno, 114,
Alicio 91191 1191191959, 224, 383,
51199919 uxor J 95. 59, 200, 8911919
59, 224, 338, Joh. 59, 20, 200, 357 ,
momnnmmffln
num

89915, 1991991. fliius Will. 591,

891199, 899119. 59, 317.

Honor, Hukor, 55919 59, 314, 375.

(10

 

