nmx 011 mens·

11001011, 10.

11101, 117.

Ryffll'fflhgaltlz' ξὲξ11111,1111111,90, 91,
1111010110, 265.

1110001001, 116.

1110100, 218.

111100, 95.

8

80111010, 1700001011 10, 354.

80110111, 179, 252.

80001 Βο101ρ11 (1101100),160,214.

800111011, 160.

8001110115,

80100011ος1080, 207 .

8001010)1 (8101100193.

800110, 801010, 76, 86, 107.

8001100, 27.

8110000011010 (8010000001), 118,
407110.

8011100001001, 180.

80100110111010, 186.

80100, 80010, 153, 364.

801001010 101, 100, 348, 384.

8101100093.

8100100, 800100, 115, 377.

810001001, 65.

81110110, 80011, 8011010100, 81 u, 82,
102; 0001001010 800010 11111010,

8111100100 (81111100), 20.

8110110000.

810001000010, 372.

81010110 (8001011001), 317, 376.

810101ογ (810100), 27, 30110, 91, 33.

8100110299.

8001010100, 408.

8011010100, 150.

8011110, 801110 (8011101), 227, 228.

8001100100, 8001001οο (81001001), 124,

8011110100, 88.

8010010100, 112.

8101111011. 81001011, 8100οῐ011, 8001·
1011, 8, 117, 122, 325110, 378 ;
libertas 10, 325.

8100110188,

8100101111οω, 800010111010, 91, 155,
170, 197, 350, 385.

8100100, 81000100, 95, 96, 330.

81010 10, 141.

8111011, 344, 382.

8111101000, 36, 41.

81011000010, 1100000 10, 98.

8100100150.

810111111181011011111, 208, 298.

85

80010·μο 00, 355.

8001011001, 376. See 81010110.

8110110018001010001, 177, 188, 214,
282, 283, 290, 323, 337.

8111011010, 8111001010, 87, 9011101,
288 ; west, 0110100010, 344.

80101100, Winhou, 317, 376.

80101010, 1010010 10, 327.

1

’100101 8001111, 347.

Terra 800010, 23, 188.

1000, 10010, 81, 190.

11001011, 0110011011, 118, 127 .

1101000100, 409.

11000120.

110011103100, 1101000100, ’101101103-
100, 2, 89, 150, 154, 229, 341.

1101100100, 126.

’1101001010 (110νο100091), 20110,
000

1101001110, 22.

’111010111οω0 (17000100), 320.

1111001100, 1101101000, 1111101000,
34, 99, 100, 182, 280, 345, 383, 405.

’1101111101ογ, 252.

1111011110, 11100, aqua 10, 111, 126
bis, 209, 314.

’1101100 01100101 (11011 0110109100 1),

y ’11111001001111103100 115110, 136.

10101100. 8000101101100.

100000, 1001001, Magna, 322 bic, 3783
Parva, 167 bis.

’1101010100338

11001011, 1100111, 1111110, 36, 146,
193 ; Magna, 230.

’1111011031οο 1101101100, 119, 318,

’111111ος100, 1111Ιί00100, 99, 167, 206,
207, 377, 416, 420, 421.

1101100100, 377.

'Puchehal (709901) , 126, 376.

11000101, Γ1001100101, 1001100101, 40, 59,

111010, 0010325.

1101111, Ι01010, 11011110 10, 103 ; 1010-
01010, 356; 11101100 10, 296 ; 10
regno 800110, 365; North, 358.

’110011001100000010 14, 15, 79,
000000οω00
110, 136, 208, 345, 359 bis, 361, 362,
363110, 364, 385, gurges in, 14,
355’; piscaria, 81; portus 10, 81, 82.

1111001011, 11000100, 11000100, 80,
208, 338, 347;11101100 10, 78, 90,
96, 361, 368; pax (10, 83110, 93.

 

