INDEX 01⁶ PERSONS.

111100 11111111, 111111, or 1411101116011,
113; 1110, 89, 101).,161, steph„
133, walt, 74.

— Astini, 11111, 130.

- 403011, will, 281.

-- 14031101ἰο1, J 0111011, 378.

-— 14001101, J 0111011, 321.

- 1400001, aad, 317 , Will, 71)).

-— Avioioe, Gilb., 343.

- Baldewyni, 1110111, 12.

- 10111101001001,11110111, 262, 390.

-- 1101001111, Adam, 89, 177, 185,
111101010111011 138, (1011, 138,
110,152; will, 235.

-11000110111, Ηο30, 130

—Cope 111110, Ηο30 7,4; 3011, 74

-01101 1,ιοοω 1011, 55, 1110111, 230,
11111, 228, 389.

-14031030, 325.

-])1001011, 1111010 0110111103,112,

-11511101, Adam, 109, 113001 uxor
11010011,314,11011,12’7, 11016011,

- 110110, Andreas, 130.

-1000,(1111),294511,295, 110,,

- 1011101141, 411010 01101 11001001 1,0
42, 1010111110, 121,

—- 1111101101), 130.

- 1110010, 111010,109.

-11003001011, 398.

-11110, Adam, 28, 11111110 uxor
Adae, 28, Gilb., 245, 391, 1011, 2,
202,1110.,104,101),229,11111,

-11111000,1111010,47,8,10100,

-101030100, 101), 323, 324, 378.

-110111,Ρο11·1’10,145.

-1101, 4110111111. 14000, 156, 11111.
11114100,156.

—— 10110010, Alanus, 131.

— 1001001111, Marti'n, 12, 402.

-100, Gilb., 162, 1011,162;
mmww3

— 11011101, will, 87.

-101001101,3111100.,126.

-110111101,Α110111,403,14101,
315, (4111),397,101),235, 103,
00, '.,Steph 243, 330; Τ111οι11, 010,
wib, 211.

—Gameb 110, 85, 317.

-01150111, Andreas, 12; 100100,
402, Henric, 326, 379· Ηο30, 272,
110,, 28, 11011. 219.

-11101111111 1110, 381.

- (1100111, 1110111, 379.

- (1010111111, will, 28.

443

111100001001111,Ιο010111,47

-11011110311111, 396.

-111030111, 3011, 43

-00110111100,Ηο3.111.111010,146,
110,, 14, 111001, 146,11011.,112.

- Gwydonis or 11360111041101), 7,
150, Ηο30,162, 111011.,162, 103,

-Ηο001, Adam, 111.

- 110010110140001, 27, 130, Hug.,
378, 101), 235, will, 320.

-110100,010, 1101), 281.

-Ηο01101,1411010,131;1110, 315,
1100110, 36, Hug., 212, 219, 1011,
·9,93 396, 11111. ,129, 179.

-Ηο11003111, 11111, 397 Δ

-— Hervey, 110, 47· 11111, 47.

- Η11301110, Alex, 396, Gilb., 131,
1101-00010, 100, 343, 333
Steph.. 173, 111001, 152, 11111.

- 13011, 110, 91.

-— 1111, 11011, 90.

- 111310111181111011, 4.

-100501101, 1011, 97 ; 1110, 07.

- 1111111110, 141011, 228.

- Iret-733, 1101).,150.

-100010, 11030, 93, 111130 gener.
Wsslt, 267, 111001, 129, 11011,

-1000111, 11003010 0101310001,
115, 3100111.,115 ; 810011, 313, 374.

- 10110, «1011, 129.

-1011101110 Alex 215· ,1130000101
will, 264· Alina 01011011, 52,
41101011101001011110, 20, bilb,
162, 169, Ηο30, 238, 388, 10050111)
01101103, 174, 1001111 0110111011,
198, 411, 1011111100 0110111011. 1,,411
1011, 20, 52, 65, 74, 209, Jordan,
130, 111101100032, 111011, 205,
110, 20, 1101).111.103.,103, 1103,
65103174, 1110111.,128,11011,
100100, 394, 4113 1101, 101, 264,
324, 333. 378, 334, 396.

-Κο101,11111. ,67

- 1100,1)ον1(1.111.(1111). 10, 271,
(1111).10,271,272,1111110213.

-1100110110,101).,112.

-110015011,140001100 uxor 1011,
195.

- 1100100111,Α100.,88,11101,
176, 1011, 368.

-11010111101, 111010, 294, 295.

-1101110, 1110, 317, 376.

-11001101100110010111011.,214;
11011, 214.

—Lyolph. 0113011, 11011, 127,
1110111,133.

 

