11me 01³· mons.

J

1555151111, 292.

1515551551, 144.

15555155, 05155155 Numa), 26, 97 ;
5515115 55, 968; 5151555, 101.

K

Κ5115115551515, 292.

1155551551, 25, 52, 58, 59, 60, 67.

1155511511, 12.

Κ55155,Κὶ5155,1115155, 01155155, 5,
36, 97, 99, 185, 191, 945, 989.

1151555555, 857.

Κ1111515, 11111515, 43, 107, 175, 176,

Killingworth, Kyllingworth‚ 199, 194,
mmm

Kilverston‚ 111.

Kirkeherl, 842, 382, 403.

1111151515, 887, 898.

Κ111151515, gurges, 355.

Κ11115511111515, 402.

11

1551551515, 94, 208.

1115555151, 1155555155, 1 11, 216.

15535555, 15535155 (Laneion), 1, 84,

115515515515, 422.

155111515199.

11551151, 1155151515, 1155151, 6, 24,
&mmmmfflm

115515155155, 1515551555, 1151555155
(555111151155, 121 bie, 820, 978,

Ι155’ (Lym), 78.

1151151151, 151.

1155551111, 1155151111 (11515111), 114, 317,

11551551 1155555155160.

[5151155511 (1155155115 7), 17.

1151515155 (5551155115), 107, 115,126,
127, 239, 313, 330, 3741

1515551115, 150, 199, 200, 206, 207 bie,
mmmmmmm

115155, 6.

11515551, 1151515, 261, 416.

Ι111155515,114, 119, 319, 977 ; 1151111,
109; 11551, 109.

1115551515, Comitatus, 78.

1115111555, 55155155, 939.

11555551551, 211 bis, 212 bie, 216 bis.

1151511151 (5515151 7), 315.

1515155115, 187.

m

11511151, 1151111, 7, 16, 126, 146, 9161
1111511855115515, 1151’,5, 4, 9, 99, 122,
Lffim

11515555, 95.

11155555555, 205.

Lynmu' (1111555515), 916.

1111111555, 195.

111111, 266.

Μ

11511115, 154.
Μ5151155, 997.

Μ5551515, 405.

Matreu, Μ515115115, 19 11, 10211, 186,
QmwQOffim

Meldon, Mildon, 10, 11, 20, 997.

155155155, 1151555155, 997, 998, 400.

5551151, baronia 55, 956.

Μ15515155, 1515551155, 62, 1111128,
128, 194, 204, 411, 418; capella 55,
996; North, 116, 127, 919 bie, 377 ;
855111, 99, 114, 818, 977; Thomu,

Mikkeleg’ (5115111471 90.

15115515, 1511155515, 1151155515, 5,
306, 414; Mora 55, 969, 371 ;Ν51111,
135; 0511111, 59, 180, 418, 4223
Churoh 51 South, 422.

1115515111, 1511511115, 107, 126, 874.

Μ111515, 15151515, 78, 79, 96, 129, 996,
397151, 988, 386, 998; baronia 55,
357; 555151155578, 336;15511555,
98; parkum de, 997; 1155555, 8971
515115 51, 410.

Μ5151155 (5151511115), 06.

1155511511, 51551151151151115115, 17,
107, 110, 126, 313, 374.

15511151, 402.

1551511111, 1151111501, 78 bis, 101, 129,
144, 166, 185, 195, 280, 291, 996,
985, 986, 998.

1551155, 298.

5151111511, 1551111511, 848, 884

Μ5155155, 995 bis.

Μ11151515 (mnam), 919.

N

Ν5651155, Ν5151155, 10211, 187, 854.

11515511551155551155, 157, 290.

11515511, 11551111, 1155115511, 1155551, 55,
56, 58, 110, 126, 161, 202, 209, 226,
212, 401 bis, 408.

11555551 (Nonam), 40.

11

 

