INDEX OF PLACES.

A 2n, 324, 328, 331, 332, 3351115, 353 ,
55515515 do, 31, vicus hospitalis 8.
1515111151, 1111511511, Alburckwick, 0551511115,331.

329, 321, 378. 851111511319.

Αο11111,,1511,Α111111511, 97, 98. 8511551511, 851555515111, 8515558511,
wihard, 15160. 87 bis, 89, 90, 96.

1115115111, 96 bis. 8511511, 297.

Α1511,Α111’,Α1,’1, 119, 116. 1155151511, 8551151111, 172, 198.
1115555155, 1111551511 (3135155151) 8515118151358.

266, 277 bis, 278, 279. 8515111515, 8515111515, 8151511151, 85551·
1155551151555. ) neu, 155, 551551, 515, 555, 555.
1115515513245. 1 8515511111, 100.

11115, 55115115, 209, 317. 8511511, 851515111, 124, 194, 294, 232,
1151511, 115. 3113151111,
Alnmouth‚ Alnemue, Anemo, 27, 8511151511343.

42, 98, 69151, 132, 299, 319, 397. 8515515115, 93.

1111115151, 1111155111, Annewyk, 5, 70 115, 851115), 8511153 (8555155), 115, 319,

71, 132, 149, 153, 155, 181, 299, 377.

327 bis, 334 bis, 381, 396, 492, 85111111, 8511511113 (Bessadae), 96.

abbatia de, 79; boscus 15, 325, 337115.

55515515 de, 334. 8551551551141.

111515111155115115, 318. 85111511, 85551511, 258, Magna, 95,
11151155, 1111511555, 66, 85. 258, 423, Parva, 100.
1115551511111151111511, 1115111511(1111511· 855155118511511511, 345, 383.

ton), 322, 378 ; 55515515 de, 821, 378. 8511551511, 97.

11115151151111151111 (1451115),43, 339. 85111511, 220.
A11gram,Angmham, 855 Ingram. 8515151115, 268.
Appelby‚ Appelbi (5555151515, 555, 55511115, 91.
551, 5115555514, 515, 515, 515, 5555551, 11555515, 5, 55, 555, 115;
297, 298, 299, 306, 397, 311. 555515, 319.
1111511357. 8515151511, 93.
8111511511, 8,·1511511 (8151511511), 108,
Β 8111511122.
81115515, 36.
Bapbingtom Balbington, 88, 337, 372, 81115155, 85115155, 8111115153387, 188,
arva, 185, 186. 271.
8515151193111. 8151555115111511(8115159511511511),109.
85111151, 85)·51, 87 , baronia de, 355. 8151511511 (81593511), 29, 95, 252, 255.
Β511511,1155115131,417. 8115151151498.
8511155155, 116, 8151515515, 186.
8115111131, 851111513’,60, 71, 72155, 815115151181.

112, 127, 132, 165, 183, 292, 231, 8151155551511, 84111, 341, 381.

286 bie, 330 bie, 331151, 332, 352, 81551551 (8111515151), 34.

353, 351, 380, 336, 419, 5551111111 de, Blyth, Blye, 193, 209.

 

