444 111611 61 raason.

11115 11161151, 1116, ss ; Rog, 66.
—- 1121166111.’1’116111.,27.
--11115136166126 11111,
3111511615, 11111, 396.

- 1111111111, «1611, 151.

- 1161111132, 1121119116661139, 133,

«1611, 398, 11111, 347, 384.
- 1131111611, Simon, 396.
— 1121161611, ll, 281.

-111611116111, Ι1611311113 11161 3611,

9,,..191999391 mmmmm
1161, 153 11161665, mm
1’.,61161189, 11”111,130,202.

11111111υῆ66611 ¹Adam, ω, 1111111211, 48

bis, radmund, 88; 1611, 111161
Novi Castri, 361, 367, 368, 399,
111111.. 143, 279, 327, nic, 11111
Novi castri, 367, 394, nob„ 89,
191, 166, 161, 161 611929, 99935,
340, 354, 356386, Rog, 333, 379,
will, 27, 47, 132.

219, 11611, 146, 216, 219, 221,

191116, 413. —- 8616311111, J 611, 20.
-1111116616, 11611, 128, 1111111, -8111111611611,235; Ρι1116.,235;

128. ’ 11111, 90.
-111116,Α111111,97. -8111161119, 1611, 10 bis, 11, 3),
-8161161111,06119121161116161066161, 1166.. 212, 11111, 216.

187 n, Daniel, 18711, 111166, 36, -81199111161,6111).,177.

1116, 179, 11611, 331, 380, 11111, -111911515, 397.

196191 -11161116 1111111661, Μ, (1111,
—Ni gelli, 0911691116, 162, 395, 161· 11311, 86, 1116, 47, 396;

6116162, 1156162 1156,132,’217, 396;’,1166 299,
-11611, 1116, 74. 1116111, 79, 241, 326, 388, wat:
-01161119,11’111.,71. 114,11111,132,212, 1111811516
-Ρ1166111’, 11611,325. Elyae, 88.

- 6516516, 11111, ss.

—- patricii, 1161111,323, 324, 378, -Τ11111913111,.11111111, 112.
11611116, 26, 1611,169,1611.111. -1161161, ’1111361112 uxor 11611,
3611, 136, 159, 169, ’1161661616 230,.1611.,230.

61153611, 109, Thon), 26.

--- Petri, 11:111, 130. 281, 398.

- 116611, Edmund, 383; Joh, 314,

375.

-1)111111,11,(ὶ611·36, 133, 1911161 -1ῗ6116111,111116.,347.383,(1111),,

1911116, ,21, 1116· 224, 1’31116.,24;

”11116.,111’133 ,261
——1’30'33 161,1116, 16, 293.
—- Quone, 11611116,’, 397.
-- (1116111111, (1311, 133.

28, natiuis uxor (1111, 28, 11911,
166, 1111, 139, 131, Steph.‚109;
’11614611651114ς walt, 74 619, 109,

- 11111111, 1111613, 90, Rati.. 128.

-Μ11611111,111.111·1111,99,397;11111’13 -1’111116, 11111, 350, 385.
1116111111 22·1·,,’(66111’311116111’.111,ἓ-111611111181111611,39,40,133.
253· 11111116, 216, 111166, 242, 116, -11111116 11'111, 74.

11 136, 281, 319, ,1611311116 11161 -11161116611,(”116113113111611616

1166,1221;.1711111111., 397, 11311,
398,’ 116.,’111 ,61111,
31111111 111811111111119111121
11111 226,

11111,1’11,11’111,214.

-11111119111 11111111111,111,3111 131,
111615111611161612963511.,41,
·,1.11111 218,
81111611,131· &01¹¹ 28, walt,

398, 1911116,

235, 211 . 2 51,1,’ . 138, 11111, 235.
- 1166163161, 3161111, 89.

-1116111111, Adam. 74. 347; 111111,
399, 1111·1611161.1611.,26,(11111,
103, 395· 11611111 241, 388, 11611..

5,11ο6., 13,

611111, 11, 131 ,161

295 111111, 14, 47)
321 ’191773
307,3.17.

-116116111 361166 11161 walt, 24,
1111619611, 74, (1611, 219, 396 , 11611,

-- willielmi,

350

,131 397, -11311611, 3611, 159, 1611. 111
4, 3611, 198, 411, Simon, 174.
11111, 253, 369, 396, -111111611 1161116111, 26, (1611..

131, (1111),,161, 122, Ι1·ο,133;.1611.
1111611, 167, 111611, 397 , 1116, 16,
79, 1161), 397 ; walt, 5, 1111117,
Adam, 120, 131;
Α6111611113Τ11616, 173, 1161169 uxor
1116111, 81: 11311, 119, Edmund,
131; (11111, 397, 111166, 292;
1611311116 uxor Thom, 253, 1611.Ι
stmmwmfflm
373, 392, 397111, Laut, 130,
Maria uxor 11611, 155, 181, Nich,
209, 1921111643, Ric.‚36,67; 1101),
132, 214, 303, 305, 1166.. 118, 252,
390, 392, 81111611, 32, 213611,

 

